[ 1708.9855, 162.7062, -790.87354 ],
[ 1722.9855, 162.7062, -790.87354 ],
[ 1734.9855, 162.7062, -790.87354 ],
[ 1748.9855, 162.7062, -790.87354 ],
[ 1764.9855, 162.7062, -790.87354 ],
[ 1782.9855, 162.7062, -790.87354 ],
[ 1798.9855, 162.7062, -790.87354 ],
[ 1815.9855, 162.7062, -790.87354 ],
[ 1833.9855, 162.7062, -790.87354 ],
[ 1832.9855, 162.7062, -809.87354 ],
[ 1816.9855, 162.7062, -809.87354 ],
[ 1803.9855, 162.7062, -809.87354 ],
[ 1785.9855, 162.7062, -809.87354 ],
[ 1769.9855, 162.7062, -809.87354 ],
[ 1753.9855, 162.7062, -809.87354 ],
[ 1734.9855, 162.7062, -809.87354 ],
[ 1718.9855, 162.7062, -809.87354 ],
[ 1703.9855, 162.7062, -809.87354 ],
[ 1708.9855, 162.7062, -823.87354 ],
[ 1723.9855, 162.7062, -823.87354 ],
[ 1741.9855, 162.7062, -823.87354 ],
[ 1758.9855, 162.7062, -823.87354 ],
[ 1777.9855, 162.7062, -823.87354 ],
[ 1793.9855, 162.7062, -823.87354 ],
[ 1808.9855, 162.7062, -823.87354 ],
[ 1823.9855, 162.7062, -823.87354 ],
[ 1837.9855, 162.7062, -823.87354 ],
[ 1835.9855, 162.7062, -838.87354 ],
[ 1820.9855, 162.7062, -838.87354 ],
[ 1804.9855, 162.7062, -838.87354 ],
[ 1788.9855, 162.7062, -838.87354 ],
[ 1770.9855, 162.7062, -838.87354 ],
[ 1754.9855, 162.7062, -838.87354 ],
[ 1733.9855, 162.7062, -838.87354 ],
[ 1713.9855, 162.7062, -838.87354 ],
